0 0.3625 0.0328125 0.1625 0.065625
0 0.5546875 0.11015625 0.2421875 0.1578125
0 0.8546875 0.115625 0.075 0.0828125
0 0.84765625 0.11640625 0.1796875 0.1578125
0 0.9640625 0.18515625 0.071875 0.2265625
0 0.95 0.29140625 0.1 0.2015625
0 0.68984375 0.203125 0.08125 0.115625
0 0.04375 0.72421875 0.0875 0.3109375
0 0.05859375 0.86484375 0.1171875 0.0671875
0 0.13828125 0.71171875 0.128125 0.2578125
0 0.609375 0.21171875 0.0703125 0.1171875
0 0.7203125 0.26640625 0.09375 0.2046875
0 0.85 0.29921875 0.1453125 0.19375
0 0.78671875 0.321875 0.1375 0.1328125
0 0.4921875 0.275 0.2453125 0.1390625
0 0.36328125 0.3953125 0.1265625 0.3234375
0 0.51015625 0.30390625 0.23125 0.1578125
0 0.53984375 0.3125 0.2640625 0.2109375
0 0.5421875 0.4125 0.2875 0.2390625
0 0.6859375 0.384375 0.165625 0.178125
0 0.68984375 0.4671875 0.365625 0.2171875
0 0.66640625 0.5234375 0.2640625 0.2109375
0 0.43671875 0.56484375 0.178125 0.2390625
0 0.3296875 0.6734375 0.18125 0.25625
0 0.39296875 0.709375 0.1234375 0.2578125
0 0.44453125 0.73828125 0.1484375 0.2921875
0 0.65390625 0.68828125 0.2078125 0.2421875
0 0.5890625 0.8875 0.15 0.1796875
0 0.75 0.73984375 0.1671875 0.2890625
0 0.9265625 0.78828125 0.1125 0.2828125
0 0.83828125 0.83203125 0.2125 0.1859375
0 0.80703125 0.9328125 0.1578125 0.134375