0 0.10859375 0.1609375 0.1859375 0.0984375
0 0.3046875 0.21953125 0.1890625 0.146875
0 0.08203125 0.3359375 0.1640625 0.153125
0 0.25234375 0.4046875 0.115625 0.165625
0 0.346875 0.34296875 0.1 0.13125
0 0.4859375 0.24765625 0.09375 0.1875
0 0.61015625 0.3 0.1 0.15625
0 0.50859375 0.39296875 0.128125 0.153125
0 0.396875 0.42578125 0.128125 0.1125
0 0.42578125 0.528125 0.2125 0.0640625
0 0.72109375 0.40546875 0.1875 0.1328125
0 0.8625 0.55703125 0.2203125 0.146875
0 0.671875 0.58515625 0.23125 0.153125
0 0.5046875 0.57265625 0.20625 0.09375
0 0.68125 0.66640625 0.09375 0.171875
0 0.6328125 0.665625 0.0578125 0.1375
0 0.54296875 0.78125 0.1125 0.23125
0 0.3828125 0.77890625 0.13125 0.2296875
0 0.2390625 0.69609375 0.159375 0.15