0 0.80625 0.296875 0.0609375 0.109375
0 0.9 0.353125 0.0890625 0.1953125
0 0.94296875 0.26171875 0.0671875 0.1046875
0 0.96953125 0.32265625 0.0390625 0.13125
0 0.7046875 0.44609375 0.103125 0.109375
0 0.8953125 0.35078125 0.0546875 0.1125
0 0.9875 0.17890625 0.025 0.1359375
0 0.99140625 0.2390625 0.0171875 0.11875
0 0.55859375 0.5140625 0.165625 0.125
0 0.41953125 0.62734375 0.16875 0.16875
0 0.43671875 0.6640625 0.1359375 0.146875
0 0.33125 0.81953125 0.1125 0.184375
0 0.36015625 0.88359375 0.059375 0.2203125