0 0.21640625 0.184375 0.1453125 0.10703125
0 0.18046875 0.265625 0.1390625 0.10625
0 0.45 0.61953125 0.1078125 0.165625
0 0.47265625 0.59140625 0.09765625 0.1734375
0 0.2265625 0.134375 0.1546875 0.0859375
0 0.18515625 0.2359375 0.1421875 0.12109375
0 0.2328125 0.2265625 0.1390625 0.14375
0 0.1953125 0.17890625 0.16171875 0.09609375
0 0.21015625 0.17265625 0.11796875 0.1078125
0 0.2953125 0.23515625 0.0828125 0.21953125
0 0.33125 0.165625 0.12890625 0.1328125
0 0.29609375 0.2046875 0.121875 0.1359375
0 0.3984375 0.2453125 0.153125 0.11328125
0 0.34140625 0.26875 0.0890625 0.1171875
0 0.3890625 0.3515625 0.16484375 0.06875
0 0.44609375 0.346875 0.1359375 0.13828125
0 0.49296875 0.3140625 0.15546875 0.08671875
0 0.53515625 0.378125 0.13984375 0.10390625
0 0.4921875 0.45859375 0.0890625 0.1828125
0 0.4640625 0.46484375 0.1015625 0.1765625
0 0.396875 0.46015625 0.06953125 0.17890625
0 0.5203125 0.61640625 0.1234375 0.20390625
0 0.68984375 0.4546875 0.1015625 0.15546875
0 0.6 0.64296875 0.10859375 0.22421875
0 0.66953125 0.4609375 0.09921875 0.0828125
0 0.66875 0.571875 0.04765625 0.14609375
0 0.69609375 0.6578125 0.06796875 0.25390625
0 0.74375 0.5921875 0.09453125 0.15625
0 0.8 0.5734375 0.08046875 0.23828125
0 0.78671875 0.67421875 0.05 0.15234375
0 0.859375 0.80234375 0.10078125 0.2109375
0 0.83359375 0.79453125 0.1078125 0.2
0 0.80703125 0.8515625 0.1265625 0.17890625
0 0.77578125 0.853125 0.12265625 0.153125