0 0.0859375 0.20390625 0.171875 0.1171875
0 0.2765625 0.24140625 0.203125 0.165625
0 0.078125 0.3796875 0.15625 0.16875
0 0.24375 0.43125 0.1328125 0.178125
0 0.33125 0.36015625 0.1140625 0.1421875
0 0.459375 0.25078125 0.1140625 0.196875
0 0.58828125 0.28984375 0.115625 0.165625
0 0.49765625 0.39296875 0.14375 0.1671875
0 0.38984375 0.43671875 0.1390625 0.125
0 0.42890625 0.5359375 0.21875 0.0859375
0 0.71015625 0.3828125 0.2 0.1515625
0 0.86640625 0.51875 0.234375 0.1703125
0 0.6796875 0.56640625 0.246875 0.1765625
0 0.5125 0.571875 0.2140625 0.1140625
0 0.69765625 0.646875 0.1109375 0.1796875
0 0.64921875 0.65078125 0.071875 0.1421875
0 0.571875 0.775 0.1359375 0.2421875
0 0.4125 0.78984375 0.153125 0.2421875
0 0.2609375 0.72265625 0.1734375 0.165625