0 0.1078125 0.08828125 0.1171875 0.084375
0 0.44453125 0.05859375 0.10625 0.1015625
0 0.33046875 0.140625 0.2015625 0.0890625
0 0.55859375 0.096875 0.33125 0.103125
0 0.8390625 0.07578125 0.171875 0.1453125
0 0.54453125 0.11328125 0.3234375 0.190625
0 0.1984375 0.2109375 0.2078125 0.253125
0 0.3875 0.18515625 0.2953125 0.1828125
0 0.51640625 0.18984375 0.2390625 0.1515625
0 0.33203125 0.325 0.234375 0.2625
0 0.07734375 0.48828125 0.1171875 0.1421875
0 0.44296875 0.29921875 0.25 0.215625
0 0.4609375 0.3359375 0.271875 0.2015625
0 0.36640625 0.49375 0.09375 0.203125
0 0.315625 0.5484375 0.165625 0.253125
0 0.4125 0.69296875 0.1046875 0.1875
0 0.47890625 0.6609375 0.184375 0.2515625
0 0.40859375 0.79453125 0.1296875 0.2109375
0 0.5796875 0.68125 0.1546875 0.240625
0 0.48984375 0.8734375 0.1234375 0.1796875
0 0.66015625 0.68125 0.128125 0.240625
0 0.70625 0.6921875 0.21875 0.2796875
0 0.78984375 0.4875 0.33125 0.2828125