0 0.21953125 0.17265625 0.0984375 0.253125
0 0.13984375 0.23828125 0.140625 0.1171875
0 0.16328125 0.34765625 0.1890625 0.190625
0 0.1359375 0.38515625 0.0828125 0.1390625
0 0.1234375 0.4359375 0.134375 0.215625
0 0.19375 0.45390625 0.0515625 0.20625
0 0.2140625 0.4890625 0.05 0.1875
0 0.13828125 0.6359375 0.05625 0.1609375
0 0.16796875 0.6265625 0.065625 0.2296875
0 0.23203125 0.540625 0.0671875 0.1875
0 0.1875 0.68359375 0.09375 0.1734375
0 0.20390625 0.74609375 0.0828125 0.246875
0 0.253125 0.684375 0.078125 0.240625
0 0.2671875 0.85 0.1125 0.265625
0 0.17734375 0.91328125 0.1171875 0.1375
0 0.41953125 0.35 0.15 0.2640625
0 0.5796875 0.17265625 0.190625 0.1359375
0 0.559375 0.27734375 0.1734375 0.1703125
0 0.52109375 0.3921875 0.1609375 0.096875
0 0.4015625 0.5609375 0.165625 0.175
0 0.52578125 0.4796875 0.1125 0.1140625
0 0.4875 0.584375 0.2171875 0.140625
0 0.496875 0.690625 0.1734375 0.184375
0 0.675 0.38046875 0.178125 0.1640625
0 0.8515625 0.2390625 0.1984375 0.115625
0 0.7921875 0.39375 0.2328125 0.190625
0 0.6421875 0.5171875 0.0890625 0.075
0 0.63203125 0.59453125 0.15625 0.1359375
0 0.6234375 0.6453125 0.178125 0.11875
0 0.71015625 0.53828125 0.084375 0.15625
0 0.73515625 0.6546875 0.128125 0.2
0 0.88515625 0.54609375 0.2125 0.1640625
0 0.97265625 0.51796875 0.053125 0.13125
0 0.86015625 0.615625 0.1828125 0.1234375
0 0.8953125 0.6984375 0.1890625 0.1546875
0 0.82578125 0.73359375 0.1140625 0.1328125