0 0.11328125 0.04921875 0.1046875 0.078125
0 0.23046875 0.21796875 0.171875 0.159375
0 0.45390625 0.2171875 0.2078125 0.178125
0 0.64296875 0.13984375 0.0625 0.2109375
0 0.36796875 0.32734375 0.1375 0.1875
0 0.36328125 0.33671875 0.0734375 0.14375
0 0.315625 0.3953125 0.1453125 0.140625
0 0.7234375 0.24140625 0.115625 0.1984375
0 0.56640625 0.30546875 0.1078125 0.1875
0 0.79453125 0.29609375 0.1515625 0.1140625
0 0.6140625 0.41015625 0.1109375 0.2578125
0 0.56640625 0.45 0.0984375 0.253125
0 0.384375 0.45703125 0.215625 0.0796875
0 0.396875 0.49140625 0.225 0.0828125
0 0.71171875 0.3609375 0.2125 0.09375
0 0.73515625 0.42734375 0.1609375 0.0625
0 0.775 0.51796875 0.23125 0.1921875
0 0.9578125 0.5765625 0.084375 0.0875
0 0.49375 0.5765625 0.06875 0.253125
0 0.4203125 0.7265625 0.209375 0.109375
0 0.3515625 0.59609375 0.23125 0.1953125
0 0.09609375 0.80625 0.0984375 0.2984375
0 0.76171875 0.68046875 0.078125 0.1984375