0 0.209375 0.02578125 0.115625 0.0515625
0 0.54453125 0.0578125 0.1046875 0.1
0 0.415625 0.11171875 0.2015625 0.0859375
0 0.64765625 0.1203125 0.33125 0.096875
0 0.9203125 0.1625 0.159375 0.14375
0 0.63046875 0.13359375 0.3203125 0.184375
0 0.27109375 0.15078125 0.2046875 0.25
0 0.4609375 0.1671875 0.29375 0.178125
0 0.5859375 0.20078125 0.2375 0.146875
0 0.37578125 0.29140625 0.23125 0.259375
0 0.090625 0.39375 0.115625 0.140625
0 0.48984375 0.29140625 0.246875 0.2125
0 0.49921875 0.33125 0.2703125 0.196875
0 0.37109375 0.46328125 0.090625 0.203125
0 0.309375 0.50625 0.1625 0.2515625
0 0.371875 0.66875 0.103125 0.1859375
0 0.44296875 0.6515625 0.18125 0.2484375
0 0.34453125 0.76640625 0.1265625 0.209375
0 0.53671875 0.69453125 0.1515625 0.2390625
0 0.40625 0.86171875 0.1203125 0.178125
0 0.61484375 0.7125 0.125 0.2390625
0 0.6578125 0.73359375 0.215625 0.2765625
0 0.78515625 0.553125 0.328125 0.278125