0 0.103125 0.16796875 0.1875 0.1015625
0 0.3 0.22265625 0.1921875 0.15
0 0.08125 0.34296875 0.1625 0.1546875
0 0.25078125 0.409375 0.11875 0.16875
0 0.34453125 0.3453125 0.103125 0.134375
0 0.48125 0.24765625 0.0984375 0.1890625
0 0.60703125 0.2984375 0.103125 0.1578125
0 0.50703125 0.39296875 0.13125 0.15625
0 0.3953125 0.42734375 0.1296875 0.1140625
0 0.4265625 0.5296875 0.2140625 0.0671875
0 0.71953125 0.4015625 0.1890625 0.1359375
0 0.86328125 0.55078125 0.2234375 0.1515625
0 0.6734375 0.58203125 0.234375 0.1578125
0 0.50625 0.57265625 0.2078125 0.096875
0 0.684375 0.66328125 0.0953125 0.1734375
0 0.6359375 0.66328125 0.0609375 0.1390625
0 0.54765625 0.78046875 0.1171875 0.2328125
0 0.3875 0.78125 0.134375 0.23125
0 0.2421875 0.70078125 0.1609375 0.1515625