0 0.171875 0.2203125 0.103125 0.253125
0 0.10390625 0.29765625 0.1421875 0.1203125
0 0.14296875 0.40234375 0.1921875 0.19375
0 0.12265625 0.44375 0.084375 0.1390625
0 0.11796875 0.49609375 0.1375 0.2171875
0 0.190625 0.50234375 0.0546875 0.2078125
0 0.215625 0.534375 0.053125 0.1875
0 0.1640625 0.690625 0.059375 0.1609375
0 0.19140625 0.6765625 0.0703125 0.23125
0 0.24140625 0.58203125 0.0703125 0.1890625
0 0.21953125 0.7296875 0.096875 0.175
0 0.24609375 0.78984375 0.0859375 0.246875
0 0.28515625 0.7203125 0.0828125 0.240625
0 0.32421875 0.87421875 0.1171875 0.2515625
0 0.2453125 0.94453125 0.11875 0.1109375
0 0.396875 0.36484375 0.1546875 0.265625
0 0.528125 0.1640625 0.1921875 0.1390625
0 0.52421875 0.2703125 0.1765625 0.171875
0 0.50390625 0.38984375 0.1625 0.0984375
0 0.4125 0.57578125 0.1671875 0.1765625
0 0.521875 0.47578125 0.1140625 0.115625
0 0.5015625 0.58515625 0.21875 0.14375
0 0.5265625 0.6890625 0.1765625 0.1875
0 0.6546875 0.3546875 0.1796875 0.165625
0 0.80703125 0.18671875 0.2 0.11875
0 0.771875 0.34921875 0.2359375 0.19375
0 0.64296875 0.49453125 0.090625 0.0765625
0 0.6453125 0.57265625 0.1578125 0.1375
0 0.6453125 0.6234375 0.1796875 0.121875
0 0.7140625 0.5046875 0.0875 0.1578125
0 0.75625 0.61640625 0.13125 0.2015625
0 0.8875 0.48515625 0.215625 0.1671875
0 0.96953125 0.44375 0.05625 0.1328125
0 0.8734375 0.5578125 0.184375 0.1265625
0 0.9125 0.63359375 0.175 0.1578125
0 0.85859375 0.6796875 0.115625 0.134375