0 0.85078125 0.06640625 0.12421875 0.1015625
0 0.22421875 0.1765625 0.15859375 0.20859375
0 0.2640625 0.21953125 0.29140625 0.225
0 0.43515625 0.025 0.078125 0.0421875
0 0.53046875 0.02734375 0.06328125 0.046875
0 0.58359375 0.084375 0.07890625 0.1484375
0 0.66796875 0.06015625 0.17578125 0.1109375
0 0.84921875 0.70078125 0.153125 0.2734375
0 0.77109375 0.846875 0.13984375 0.0640625
0 0.31015625 0.93359375 0.18359375 0.0484375
0 0.53203125 0.7859375 0.09609375 0.171875
0 0.45625 0.7765625 0.1390625 0.2140625
0 0.48125 0.57890625 0.115625 0.2203125
0 0.60703125 0.64296875 0.08984375 0.23671875
0 0.65 0.65 0.10859375 0.24296875
0 0.7171875 0.66328125 0.221875 0.2546875
0 0.2921875 0.5796875 0.10078125 0.14140625
0 0.35234375 0.50703125 0.05625 0.2515625
0 0.225 0.50390625 0.209375 0.240625
0 0.3078125 0.45703125 0.1734375 0.2359375
0 0.34453125 0.2515625 0.21171875 0.259375
0 0.50234375 0.125 0.1453125 0.11328125
0 0.40859375 0.22734375 0.290625 0.25234375
0 0.4734375 0.28125 0.2984375 0.21328125
0 0.6625 0.22421875 0.0984375 0.10703125