0 0.296875 0.03984375 0.153125 0.078125
0 0.5 0.10625 0.2265625 0.128125
0 0.79765625 0.0703125 0.065625 0.075
0 0.790625 0.071875 0.1625 0.1359375
0 0.946875 0.1203125 0.10625 0.2140625
0 0.93984375 0.22734375 0.1203125 0.1875
0 0.646875 0.1796875 0.0671875 0.10625
0 0.0515625 0.78984375 0.103125 0.3
0 0.1 0.92578125 0.140625 0.0484375
0 0.17109375 0.76015625 0.09375 0.246875
0 0.56796875 0.19921875 0.0546875 0.1109375
0 0.6859375 0.23828125 0.065625 0.196875
0 0.81875 0.25234375 0.121875 0.178125
0 0.759375 0.28359375 0.121875 0.1171875
0 0.4609375 0.278125 0.2328125 0.10625
0 0.35 0.415625 0.0828125 0.315625
0 0.4828125 0.3046875 0.215625 0.1296875
0 0.51328125 0.30859375 0.240625 0.178125
0 0.5296875 0.4078125 0.2609375 0.2046875
0 0.66796875 0.359375 0.14375 0.159375
0 0.68359375 0.44140625 0.3453125 0.1703125
0 0.66796875 0.5 0.2421875 0.178125
0 0.44609375 0.5734375 0.1484375 0.221875
0 0.35546875 0.6953125 0.15 0.2375
0 0.4234375 0.721875 0.090625 0.246875
0 0.478125 0.74375 0.109375 0.2796875
0 0.67890625 0.66484375 0.178125 0.21875
0 0.6421875 0.87109375 0.128125 0.1625
0 0.78125 0.70234375 0.1296875 0.275
0 0.9625 0.72578125 0.075 0.275
0 0.88125 0.78203125 0.1921875 0.159375
0 0.865625 0.890625 0.140625 0.125