0 0.42734375 0.25078125 0.09375 0.225
0 0.3984375 0.38671875 0.0984375 0.16875
0 0.2984375 0.5109375 0.1015625 0.1109375
0 0.3328125 0.621875 0.1453125 0.0578125
0 0.48046875 0.39765625 0.071875 0.175
0 0.52578125 0.26953125 0.096875 0.05625
0 0.6484375 0.13125 0.1015625 0.0984375
0 0.5421875 0.134375 0.103125 0.05625
0 0.61796875 0.1375 0.0765625 0.08125
0 0.5984375 0.1578125 0.1203125 0.0421875
0 0.6203125 0.19609375 0.1046875 0.0390625
0 0.6 0.2171875 0.1046875 0.0484375
0 0.5859375 0.2421875 0.121875 0.034375
0 0.60234375 0.26640625 0.1109375 0.046875
0 0.66171875 0.23828125 0.0640625 0.1828125
0 0.7 0.28125 0.0546875 0.1921875
0 0.7265625 0.17578125 0.0671875 0.215625
0 0.73984375 0.22109375 0.059375 0.2
0 0.7796875 0.1484375 0.0796875 0.2203125
0 0.80234375 0.16171875 0.0859375 0.2046875
0 0.53046875 0.34453125 0.078125 0.1828125
0 0.53984375 0.38671875 0.071875 0.2046875
0 0.57734375 0.359375 0.0484375 0.184375
0 0.5890625 0.35859375 0.046875 0.159375
0 0.6109375 0.38046875 0.071875 0.253125
0 0.64296875 0.3203125 0.059375 0.1390625
0 0.6453125 0.36015625 0.05625 0.1703125
0 0.6515625 0.42578125 0.0734375 0.165625
0 0.70390625 0.4140625 0.090625 0.2203125
0 0.6203125 0.490625 0.0703125 0.1828125
0 0.56328125 0.4921875 0.115625 0.1375
0 0.55703125 0.55625 0.1640625 0.0828125
0 0.50546875 0.6171875 0.153125 0.0875
0 0.5421875 0.62578125 0.1578125 0.10625
0 0.42265625 0.659375 0.071875 0.06875
0 0.38984375 0.7203125 0.0515625 0.1359375
0 0.40625 0.7359375 0.075 0.1578125
0 0.4625 0.71796875 0.0859375 0.1421875
0 0.48203125 0.73671875 0.071875 0.140625
0 0.540625 0.659375 0.0953125 0.1