0 0.1453125 0.05625 0.1125 0.075
0 0.4828125 0.05546875 0.0984375 0.09375
0 0.3625 0.12734375 0.196875 0.0734375
0 0.59296875 0.10390625 0.328125 0.075
0 0.875 0.10703125 0.1609375 0.1328125
0 0.578125 0.11875 0.3109375 0.1640625
0 0.225 0.1859375 0.1890625 0.2375
0 0.41484375 0.1765625 0.284375 0.159375
0 0.54296875 0.1921875 0.2296875 0.13125
0 0.34765625 0.3109375 0.215625 0.246875
0 0.0796875 0.4515625 0.10625 0.134375
0 0.4609375 0.2953125 0.234375 0.196875
0 0.47578125 0.3328125 0.259375 0.18125
0 0.3671875 0.48203125 0.078125 0.1984375
0 0.31171875 0.53203125 0.146875 0.2421875
0 0.39609375 0.68515625 0.090625 0.18125
0 0.46484375 0.65859375 0.165625 0.2390625
0 0.38359375 0.78515625 0.1125 0.203125
0 0.56328125 0.6875 0.1359375 0.23125
0 0.4578125 0.87109375 0.109375 0.171875
0 0.64375 0.69453125 0.109375 0.234375
0 0.68828125 0.709375 0.1984375 0.2640625
0 0.78984375 0.5125 0.3109375 0.2578125