0 0.81015625 0.30234375 0.0625 0.109375
0 0.90234375 0.359375 0.0921875 0.196875
0 0.946875 0.26953125 0.06875 0.1046875
0 0.97265625 0.33125 0.0421875 0.1328125
0 0.70546875 0.44921875 0.10625 0.1109375
0 0.89765625 0.3578125 0.05625 0.1125
0 0.9890625 0.18828125 0.021875 0.1359375
0 0.99296875 0.246875 0.0140625 0.11875
0 0.55859375 0.51484375 0.1671875 0.128125
0 0.41796875 0.62578125 0.1703125 0.1703125
0 0.43359375 0.66328125 0.1375 0.1484375
0 0.32578125 0.81640625 0.115625 0.1859375
0 0.353125 0.88125 0.0640625 0.221875