0 0.12109375 0.0421875 0.103125 0.0765625
0 0.23515625 0.21328125 0.16875 0.15625
0 0.45859375 0.21640625 0.20625 0.175
0 0.64921875 0.1421875 0.059375 0.209375
0 0.37109375 0.325 0.134375 0.1859375
0 0.36640625 0.334375 0.071875 0.1421875
0 0.3171875 0.3921875 0.14375 0.1375
0 0.728125 0.2453125 0.1125 0.196875
0 0.56953125 0.30703125 0.1046875 0.184375
0 0.79765625 0.3015625 0.15 0.1109375
0 0.615625 0.4125 0.10625 0.25625
0 0.5671875 0.45078125 0.09375 0.25
0 0.38515625 0.4546875 0.2140625 0.075
0 0.396875 0.48984375 0.225 0.0796875
0 0.7140625 0.36484375 0.2125 0.090625
0 0.73671875 0.43125 0.159375 0.059375
0 0.775 0.52265625 0.228125 0.1875
0 0.9578125 0.584375 0.084375 0.0859375
0 0.4921875 0.5765625 0.0640625 0.253125
0 0.41640625 0.725 0.20625 0.10625
0 0.35 0.59375 0.228125 0.190625
0 0.090625 0.79921875 0.09375 0.296875
0 0.75859375 0.68515625 0.075 0.196875