0 0.3046875 0.03828125 0.153125 0.0765625
0 0.50703125 0.10625 0.228125 0.13125
0 0.80546875 0.07578125 0.0671875 0.075
0 0.7984375 0.07734375 0.1640625 0.1390625
0 0.94921875 0.128125 0.1015625 0.215625
0 0.94140625 0.23515625 0.1171875 0.1890625
0 0.65234375 0.18203125 0.06875 0.1078125
0 0.05 0.78203125 0.1 0.3015625
0 0.09296875 0.91875 0.140625 0.0515625
0 0.16640625 0.7546875 0.0984375 0.2484375
0 0.5734375 0.20078125 0.05625 0.1125
0 0.690625 0.24140625 0.0703125 0.1984375
0 0.82265625 0.2578125 0.1234375 0.18125
0 0.76328125 0.28828125 0.1234375 0.11875
0 0.46484375 0.27734375 0.234375 0.1109375
0 0.3515625 0.41328125 0.0890625 0.3171875
0 0.4859375 0.3046875 0.2171875 0.1328125
0 0.51640625 0.30859375 0.24375 0.1828125
0 0.53125 0.40859375 0.2640625 0.209375
0 0.6703125 0.3625 0.146875 0.1625
0 0.684375 0.44453125 0.3484375 0.1765625
0 0.66796875 0.503125 0.2453125 0.1828125
0 0.44453125 0.57265625 0.1515625 0.2234375
0 0.35234375 0.69296875 0.153125 0.240625
0 0.41953125 0.7203125 0.0953125 0.2484375
0 0.47421875 0.74296875 0.115625 0.28125
0 0.67578125 0.66796875 0.1828125 0.221875
0 0.6359375 0.8734375 0.13125 0.165625
0 0.77734375 0.70703125 0.134375 0.2765625
0 0.95859375 0.73359375 0.0796875 0.2765625
0 0.8765625 0.78828125 0.1953125 0.1640625
0 0.85859375 0.896875 0.14375 0.128125