0 0.41484375 0.25546875 0.0828125 0.2234375
0 0.3921875 0.3921875 0.090625 0.165625
0 0.29921875 0.52109375 0.096875 0.10625
0 0.33984375 0.63046875 0.1453125 0.05
0 0.475 0.3984375 0.0640625 0.1734375
0 0.5140625 0.26875 0.09375 0.053125
0 0.62890625 0.1234375 0.0984375 0.09375
0 0.5234375 0.1328125 0.1 0.0515625
0 0.5984375 0.13203125 0.0734375 0.078125
0 0.58046875 0.153125 0.11875 0.0359375
0 0.60390625 0.18984375 0.1046875 0.034375
0 0.58515625 0.2125 0.103125 0.04375
0 0.57265625 0.23828125 0.121875 0.028125
0 0.590625 0.2609375 0.109375 0.040625
0 0.6484375 0.2296875 0.0546875 0.18125
0 0.68828125 0.27109375 0.04375 0.1921875
0 0.709375 0.16484375 0.05625 0.2140625
0 0.725 0.20859375 0.05 0.2
0 0.7609375 0.134375 0.0703125 0.21875
0 0.78359375 0.14609375 0.0765625 0.203125
0 0.521875 0.34296875 0.06875 0.1796875
0 0.53359375 0.38515625 0.0625 0.203125
0 0.56953125 0.35546875 0.0390625 0.1828125
0 0.58125 0.35390625 0.0390625 0.159375
0 0.60390625 0.375 0.059375 0.2515625
0 0.63359375 0.3125 0.0515625 0.1375
0 0.63828125 0.353125 0.046875 0.16875
0 0.64765625 0.41796875 0.065625 0.1640625
0 0.69921875 0.40390625 0.0796875 0.2171875
0 0.61953125 0.484375 0.0609375 0.18125
0 0.5625 0.4890625 0.109375 0.1328125
0 0.559375 0.553125 0.1609375 0.075
0 0.51171875 0.61640625 0.15 0.0796875
0 0.5484375 0.6234375 0.153125 0.0984375
0 0.43125 0.6625 0.06875 0.065625
0 0.4015625 0.72578125 0.0453125 0.134375
0 0.41875 0.740625 0.0671875 0.1546875
0 0.4734375 0.71953125 0.0796875 0.1390625
0 0.49453125 0.7375 0.0640625 0.1390625
0 0.5484375 0.65703125 0.090625 0.0953125