0 0.7953125 0.28125 0.0546875 0.10625
0 0.89140625 0.33203125 0.078125 0.1921875
0 0.9296875 0.2390625 0.0625 0.1
0 0.959375 0.2984375 0.0328125 0.13125
0 0.7015625 0.43515625 0.0984375 0.1046875
0 0.88671875 0.33046875 0.0484375 0.109375
0 0.98046875 0.15390625 0.0390625 0.134375
0 0.9859375 0.21328125 0.028125 0.1171875
0 0.559375 0.5109375 0.159375 0.1171875
0 0.4265625 0.63125 0.159375 0.159375
0 0.4453125 0.6671875 0.128125 0.140625
0 0.3484375 0.828125 0.103125 0.178125
0 0.38046875 0.890625 0.0484375 0.21875