0 0.19765625 0.19296875 0.08125 0.246875
0 0.12265625 0.2640625 0.1328125 0.109375
0 0.153125 0.371875 0.1765625 0.178125
0 0.12890625 0.4109375 0.0734375 0.134375
0 0.11953125 0.4625 0.1203125 0.20625
0 0.19140625 0.475 0.0375 0.2046875
0 0.2140625 0.509375 0.0375 0.184375
0 0.1484375 0.6609375 0.046875 0.1578125
0 0.17734375 0.64921875 0.05 0.228125
0 0.23515625 0.559375 0.053125 0.184375
0 0.20078125 0.7046875 0.08125 0.16875
0 0.221875 0.76640625 0.065625 0.2421875
0 0.26640625 0.70078125 0.0625 0.2375
0 0.2921875 0.865625 0.09375 0.259375
0 0.20703125 0.93515625 0.109375 0.1296875
0 0.409375 0.35625 0.1328125 0.25625
0 0.55703125 0.16796875 0.18125 0.125
0 0.54375 0.2734375 0.1625 0.159375
0 0.51328125 0.390625 0.15625 0.0859375
0 0.40625 0.56796875 0.153125 0.1640625
0 0.52421875 0.478125 0.10625 0.10625
0 0.49375 0.58515625 0.209375 0.1265625
0 0.51015625 0.690625 0.1625 0.175
0 0.66640625 0.36875 0.1671875 0.153125
0 0.8328125 0.21484375 0.190625 0.103125
0 0.784375 0.3734375 0.221875 0.175
0 0.64296875 0.50703125 0.084375 0.06875
0 0.63828125 0.58515625 0.146875 0.125
0 0.63359375 0.6359375 0.171875 0.10625
0 0.7125 0.5234375 0.075 0.1515625
0 0.7453125 0.63828125 0.115625 0.19375
0 0.8875 0.51875 0.203125 0.15
0 0.97265625 0.48515625 0.04375 0.128125
0 0.8671875 0.58984375 0.175 0.1109375
0 0.9078125 0.6703125 0.1796875 0.1421875
0 0.84140625 0.71015625 0.10625 0.125